5 387 0.12 3870 34265
5 300 0.08 3000 25565
5 475 0.11 4750 43065
5 562 0.1 5620 51765
5 650 0.22 6500 60565
5 737 0.24 7370 69265
5 912 0.29 9120 86765
5 825 0.31 8250 78065
55 300 2.21 445500 4746063
55 387 2.89 574695 6296403
55 475 2.28 705375 7864563
55 562 2.27 834570 9414903
55 650 4.91 965250 10983063
55 737 2.99 1094445 12533404
55 912 3.7 1354320 15651904
55 825 5.81 1225125 14101564
105 300 7.22 1638000 18500564
105 387 5.39 2113020 24200804
105 475 11.23 2593500 29966564
105 562 13.46 3068520 35666804
105 650 3.3 3549000 41432564
105 737 3.73 4024020 47132804
105 912 4.6 4979520 58598804
155 300 3.19 3580500 41255064
105 825 10.06 4504500 52898564
155 387 7.15 4618845 53715204
155 475 5.06 5669125 66318564
155 562 6.17 6707470 78778704
155 650 6.98 7757750 91497563
155 737 8 8796095 106034393
205 300 5.51 6273000 73009564
155 912 9.73 10884720 135275144
205 387 7.21 8092170 94839604
155 825 15.36 9846375 120738313
205 475 8.84 9932250 116920564
205 562 10.38 11751420 141853444
205 650 12.01 13591500 167614564
255 300 8.63 9715500 113764064
205 737 32.64 15410670 193082944
255 387 11.07 12532995 147574005
205 912 16.94 19069920 244312444
255 475 13.86 15382875 187138314
205 825 15.14 17250750 218844064
255 562 16.58 18200370 226583244
305 300 12.29 13908000 163518565
255 650 26.54 21050250 266481564
255 737 21.05 23867745 305926494
305 387 15.9 17941320 217401044
305 475 27.29 22021000 274516564
255 912 26.59 29535120 385269744
255 825 23.8 26717625 345824814
355 300 16.7 18850500 224574064
305 562 23.14 26054320 330983044
305 650 28.84 30134000 388098564
355 387 21.59 24317145 301107094
305 737 34 34167320 444565044
355 475 26.35 29846625 378519814
305 912 52.85 42280320 558147044
405 300 21.78 24543000 298713564
305 825 33.93 38247000 501680564
355 562 40.81 35313270 455052844
355 650 51.13 40842750 532465564
405 387 28 31660470 398358144
355 737 42 46309395 608998594
405 475 45.87 38859750 499148064
455 300 27.44 30985500 383353064
355 912 52.48 57305520 762944344
355 825 62.85 51838875 686411314
405 562 40.48 45977220 598792644
455 387 35.28 39971295 509154194
405 650 63.03 53176500 699582564
405 737 107.28 60293970 799227144
455 475 43.57 49060375 636401314
505 300 33.87 38178000 478492564
405 912 71.32 74610720 999661644
405 825 66.14 67493250 900017064
455 562 53.32 58046170 762202444
505 387 44.19 49249620 633495244
455 650 64.38 67135250 889449564
455 737 82.23 76121045 1015250694
505 475 62.07 60448500 790279564
555 300 57.01 46120500 584132064
455 912 84.89 94195920 1268298944
455 825 98.69 85210125 1142497814
505 562 67.55 71520120 945282244
555 387 65.05 59495445 771381294
505 650 85.28 82719000 1102066564
505 737 83.34 93790620 1257069244
555 475 79.49 73024125 960782814
605 300 63.3 54813000 700271564
505 912 113.22 116061120 1568856245
505 825 101.53 104989500 1413853565
555 562 147.41 86399070 1148032044
605 387 79.12 70708770 922812344
555 650 93.22 99927750 1337433564
555 737 104.64 113302695 1524682795
605 475 92.41 86787250 1147911064
655 300 59.64 64255500 826911064
555 912 138.69 140206320 1901333545
555 825 123.78 126831375 1714084315
605 562 100.14 102683020 1370451845
655 387 89.52 82889595 1087788394
605 650 113.93 118761500 1595550565
605 737 128.07 134657270 1818091345
655 475 92.23 101737875 1351664315
705 300 67.72 74448000 964050564
605 912 172.6 166631520 2265730845
605 825 151.66 150735750 2043190065
655 562 112.14 120371970 1612541645
705 387 92.06 96037920 1266309444
655 650 129.37 139220250 1876417565
655 737 162.08 157854345 2137294895
705 475 120.17 117876000 1572042565
755 300 79.12 85390500 1111690064
655 912 202.94 195336720 2662048145
655 825 194.68 176702625 2401170815
705 562 128.86 139465920 1874301445
755 387 115.98 110153745 1458375495
705 650 164.94 161304000 2180034565
705 737 190.96 182893920 2482293445
755 475 125.4 135201625 1809045815
805 300 100.93 97083000 1269829564
705 912 236.97 226321920 3090285445
705 825 214.2 204732000 2788026565
755 562 158.39 159964870 2155731245
805 387 122.8 125237070 1663986545
755 650 192.96 185012750 2506401565
755 737 220.84 209775995 2853086995
805 475 155.87 153714750 2062674065
855 300 100.83 109525500 1438469065
755 912 117.56 259587120 3550442745
755 825 244.9 234823875 3203757315
805 562 191.57 181868820 2456831045
855 387 144.05 141287895 1883142595
805 650 220.54 210346500 2855518565
805 737 250.25 238500570 3249675545
855 475 187.61 173415375 2332927315
905 300 127.24 122718000 1617608565
805 912 129.69 295132320 4042520045
805 825 137.49 266978250 3648363065
855 562 216.51 205177770 2777600845
905 387 174.72 158306220 2115843645
855 650 252.44 237305250 3227385565
855 737 259.91 269067645 3672059095
905 475 208.31 194303500 2619805565
955 300 137.76 136660500 1807248065
855 912 144.94 332957520 4566517345
855 825 144.79 301195125 4121843815
905 562 244.95 229891720 3118040645
955 387 188.71 176292045 2362089695
905 650 191.23 265889000 3622002565
905 737 188.3 301477220 4120237645
5 350 0.03 3500 30565
955 475 233.69 216379125 2923308815
905 912 232.67 373062720 5122434645
905 825 230.85 337474500 4624199565
955 562 272.84 256010670 3478150445
5 437 0.04 4370 39265
955 650 0.09 296097750 4039369565
55 350 0.67 519750 5637063
955 737 0.89 335729295 4594211195
5 525 0.04 5250 48065
955 912 0.22 415447920 5710271945
955 825 0.17 375816375 5155430315
5 612 0.04 6120 56765
55 437 0.67 648945 7187403
5 700 0.04 7000 65565
105 350 1.77 1911000 21776564
5 787 0.05 7870 74265
55 525 0.79 779625 8755563
5 962 0.05 9620 91765
5 875 0.1 8750 83065
55 612 1.66 908820 10305903
55 700 1.89 1039500 11874064
55 787 2.14 1168695 13424404
105 437 3.8 2386020 27476804
55 875 2.4 1299375 14992564
55 962 1.72 1428570 16542904
105 525 4.61 2866500 33242564
155 350 6.51 4177250 48416064
105 612 3.08 3341520 38942804
105 700 3.65 3822000 44708564
105 787 7.05 4297020 50408804
105 875 4.36 4777500 56174564
155 437 9.28 5215595 60876204
105 962 8.33 5252520 61979843
155 525 5.57 6265875 73479564
205 350 20.21 7318500 85555564
155 612 6.45 7304220 85939704
155 700 7.41 8354500 99852063
155 787 8.32 9392845 114388893
155 875 9.47 10443125 129092814
205 437 8.02 9137670 107385604
155 962 16.05 11481470 143629644
205 525 9.75 10977750 131022064
255 350 9.95 11334750 133195065
205 612 11.26 12796920 156490444
205 700 49.75 14637000 182251564
205 787 14.39 16456170 207719944
205 875 42.9 18296250 233481064
255 437 47.2 14152245 169909494
205 962 17.56 20115420 258949444
255 525 14.91 17002125 209807814
305 350 14.19 16226000 193386564
255 612 17.48 19819620 249252744
255 700 19.85 22669500 289151064
255 787 22.25 25486995 328595994
305 437 17.78 20259320 249853044
255 875 24.8 28336875 368494314
305 525 41.79 24339000 306968564
255 962 27.22 31154370 407939244
355 350 19.39 21992250 268558564
305 612 25.03 28372320 363435044
305 700 28.38 32452000 420550564
305 787 32.16 36485320 477017044
355 437 26.45 27458895 345091594
305 875 35.39 40565000 534132564
355 525 50.08 32988375 422504314
405 350 25.23 28633500 355980564
305 962 67.67 44598320 590599044
355 612 33.82 38455020 499037344
355 700 39.16 43984500 576450064
405 437 31.58 35750970 455625144
355 787 43.35 49451145 652983094
455 350 31.98 36149750 455652564
355 875 65.49 54980625 730395814
405 525 70.65 42950250 556415064
355 962 52.96 60447270 806928844
405 612 44.47 50067720 656059644
455 437 39.88 45135545 581453694
405 700 62.99 57267000 756849564
505 350 59.31 44541000 567574564
405 787 76.74 64384470 856494144
405 875 63.33 71583750 957284064
455 525 48.12 54224625 708700814
405 962 76.49 78701220 1056928644
455 612 57.89 63210420 834501944
505 437 49.61 55612620 722577244
455 700 83.16 72299500 961749064
555 350 49.13 53807250 691746564
455 787 96.85 81285295 1087550194
455 875 96.31 90374375 1214797314
505 525 59.22 66811500 879361564
455 962 87.68 99360170 1340598444
505 612 69.46 77883120 1034364244
555 437 73.93 67182195 878995794
505 700 83.36 89082000 1191148564
605 350 72.22 63948500 828168564
505 787 102.24 100153620 1346151245
555 525 75.32 80710875 1068397314
505 875 111.18 111352500 1502935565
505 962 109.46 122424120 1657938245
555 612 100.96 94085820 1255646544
605 437 72.5 79844270 1050709344
555 700 100.63 107614500 1445048065
655 350 84.26 74964750 976840564
555 787 120.81 120989445 1632297295
605 525 86.21 95922750 1275808064
555 875 127.62 134518125 1821698815
555 962 151.26 147893070 2008948045
605 612 106.85 111818520 1498348845
655 437 98.88 93598845 1237717894
705 350 97.41 86856000 1137762564
605 700 116.8 127897000 1723447565
605 787 140.41 143792770 1945988345
655 525 112.48 112447125 1501593815
605 875 164.41 159871250 2171087065
605 962 184.7 175767020 2393627845
655 612 121.61 131081220 1762471145
705 437 99.71 108445920 1440021445
755 350 93.6 99622250 1310934564
655 700 148.84 149929500 2026347065
655 787 173.52 168563595 2287224395
705 525 125.37 130284000 1745754565
655 875 196.26 187411875 2551100315
655 962 213.18 206045970 2811977645
705 612 153.04 151873920 2048013445
755 437 120.92 124385495 1657619995
805 350 103.86 113263500 1496356565
705 700 182.3 173712000 2353746565
705 787 204.89 195301920 2656005445
755 525 157.64 149433375 2008290315
705 875 226.68 217140000 2961738565
705 962 250.76 238729920 3263997445
755 612 182.42 174196620 2354975745
805 437 146.58 141417570 1890513545
855 350 116.95 127779750 1694028565
755 700 209.95 199244500 2705646065
755 787 250.45 224007745 3052331495
805 525 174.71 169895250 2289201065
755 875 188.85 249055625 3403001815
755 962 183.04 273818870 3749687245
805 612 213.82 198049320 2683358045
855 437 155.31 159542145 2138702095
905 350 138.02 143171000 1903950565
805 700 246.83 226527000 3082045565
805 787 246.47 254681070 3476202545
855 525 209 191669625 2588486815
905 437 186.74 178759220 2402185645
855 612 243.71 223432020 3033160345
855 700 274.27 255559500 3482945065
805 875 271.42 283158750 3874890065
805 962 273.11 311312820 4269047045
855 787 271.34 287321895 3927618595
905 525 238.48 214756500 2906147565
955 437 217.43 199068795 2680964195
905 612 267.32 250344720 3404382645
905 700 266.99 286342000 3908344565
855 875 263.99 319449375 4377403315
855 962 267.11 351211770 4822076845
905 787 265.79 321930220 4406579645
955 525 257.8 239155875 3242183315
955 612 256.41 278787420 3797024945
955 700 255.11 318874500 4358244065
905 875 254.04 357927500 4910541565
905 962 255.04 393515720 5408776645
955 787 252.62 358506045 4913085695
955 350 155.02 159437250 2126122565
955 875 169.6 398593125 5474304815
955 962 170.18 438224670 6029146445
